% # iter+eval+sigma+0+fitness+xbest (randomSeed=894569948, Fri Mar 13 18:14:45 2015)
0	0	1.0000e-02	0	0.000000000000000e+00	0	0	0	0	0	0	0	0	0	0	0	0	0	0	0	0	0	0	0	0	0
1	13	9.1551e-03	0	1.166650418533947e+03	0.879004	-0.0428533	0.333442	-0.387868	-0.0775848	-0.42534	0.28283	0.258483	-0.0805414	0.111962	-0.130222	-0.221263	-0.020164	0.302702	0.0867642	0.410256	-0.358853	-0.0492223	-0.287103	-0.352443	-0.12026
2	26	8.6256e-03	0	1.037014099635164e+03	0.900315	-0.0539112	0.31863	-0.367404	-0.111438	-0.404558	0.293307	0.259628	-0.0809069	0.118669	-0.145064	-0.199425	-0.0387336	0.275493	0.0841093	0.417068	-0.375173	-0.0655237	-0.279054	-0.358815	-0.122085
3	39	8.4287e-03	0	1.119034438741536e+03	0.899933	-0.0471926	0.327995	-0.378472	-0.0943687	-0.43391	0.291907	0.255821	-0.0829689	0.111915	-0.150437	-0.191239	-0.0317213	0.268457	0.0785351	0.42888	-0.368937	-0.0549529	-0.288054	-0.348319	-0.11172
4	52	8.3084e-03	0	1.087473661541447e+03	0.888726	-0.0648456	0.313596	-0.38238	-0.10738	-0.431099	0.289576	0.254614	-0.0942461	0.116573	-0.146195	-0.194683	-0.0359923	0.29397	0.0863954	0.417286	-0.378562	-0.0670111	-0.28967	-0.336403	-0.123855
5	65	8.2917e-03	0	1.125822237657174e+03	0.89608	-0.0501803	0.319827	-0.371051	-0.0983848	-0.425927	0.288014	0.239094	-0.0778449	0.108727	-0.150112	-0.207695	-0.0285691	0.299325	0.0858392	0.429715	-0.363678	-0.0521616	-0.291115	-0.322173	-0.115671
6	78	8.5500e-03	0	1.047674599760199e+03	0.890973	-0.0533656	0.313867	-0.371473	-0.0936952	-0.436755	0.27973	0.238919	-0.073991	0.110263	-0.147375	-0.191622	-0.0465812	0.306951	0.0806073	0.416532	-0.368887	-0.0547635	-0.291038	-0.324786	-0.113628
7	91	8.7039e-03	0	1.137389722155614e+03	0.903029	-0.0549085	0.322426	-0.375117	-0.0908678	-0.43997	0.288362	0.233131	-0.0816882	0.112439	-0.157432	-0.203054	-0.0334692	0.317748	0.0852677	0.422759	-0.359441	-0.0521097	-0.293658	-0.312589	-0.123469
8	104	8.7370e-03	0	1.168881455925007e+03	0.892806	-0.044595	0.32577	-0.379561	-0.0949904	-0.439141	0.275174	0.248268	-0.0755778	0.127326	-0.142633	-0.207636	-0.0394308	0.307464	0.0868023	0.43164	-0.355095	-0.0426507	-0.294235	-0.327341	-0.113815
9	117	8.5945e-03	0	1.105141308678668e+03	0.893374	-0.0410844	0.318703	-0.367463	-0.0888947	-0.431707	0.274293	0.231603	-0.0865539	0.110198	-0.138899	-0.212316	-0.0275569	0.316027	0.0854087	0.42092	-0.361283	-0.0461256	-0.298399	-0.333994	-0.118199
10	130	8.3994e-03	0	1.203300083901150e+03	0.890788	-0.0360979	0.328563	-0.374985	-0.0888528	-0.429367	0.289563	0.221912	-0.0746097	0.122452	-0.143757	-0.205818	-0.0350143	0.311164	0.0830447	0.415826	-0.371702	-0.0392297	-0.294837	-0.338757	-0.11154
11	143	8.1154e-03	0	1.106744524534553e+03	0.883157	-0.0365868	0.322762	-0.366471	-0.0958115	-0.44546	0.289346	0.233389	-0.0938613	0.10714	-0.150829	-0.209033	-0.0376575	0.311365	0.0838823	0.429006	-0.362043	-0.0449254	-0.294363	-0.33479	-0.11447
12	156	7.8703e-03	0	1.219252245247692e+03	0.870415	-0.0424155	0.322992	-0.375404	-0.0842279	-0.434022	0.287864	0.216237	-0.078499	0.121981	-0.159012	-0.198273	-0.0253075	0.313539	0.0860094	0.428606	-0.366876	-0.0500171	-0.288031	-0.33261	-0.107464
13	169	7.7108e-03	0	1.113622566108651e+03	0.880372	-0.0334083	0.321081	-0.373884	-0.0758714	-0.436922	0.293313	0.233523	-0.0829806	0.111655	-0.159308	-0.201568	-0.0239949	0.312588	0.0807493	0.417325	-0.366907	-0.0470802	-0.292072	-0.338942	-0.108277
14	182	7.5371e-03	0	1.147492202841370e+03	0.872946	-0.0305523	0.324643	-0.363178	-0.0693142	-0.439235	0.277755	0.241343	-0.0841472	0.113181	-0.158543	-0.198994	-0.0358318	0.311345	0.0781353	0.425242	-0.36762	-0.0406386	-0.287872	-0.336929	-0.115423
15	195	7.3390e-03	0	1.117235850063481e+03	0.871734	-0.0302166	0.334362	-0.376726	-0.0843145	-0.421726	0.281776	0.233605	-0.0973354	0.113977	-0.152312	-0.203667	-0.0227757	0.309296	0.0748648	0.425981	-0.363809	-0.049199	-0.2923	-0.344268	-0.1061
16	208	6.9755e-03	0	1.086483207000297e+03	0.875645	-0.0336218	0.328718	-0.360075	-0.0710976	-0.432509	0.275196	0.22928	-0.0846943	0.112798	-0.147212	-0.206183	-0.035647	0.307775	0.0826819	0.424445	-0.379774	-0.0493832	-0.298996	-0.345501	-0.111397
17	221	6.8147e-03	0	1.074443466595182e+03	0.883114	-0.0379465	0.330815	-0.381947	-0.0763833	-0.426225	0.280645	0.244287	-0.0886138	0.105082	-0.141285	-0.195538	-0.031768	0.294898	0.0719624	0.428826	-0.386842	-0.052186	-0.276145	-0.357056	-0.110416
18	234	6.4596e-03	0	1.069490208771754e+03	0.873948	-0.0352946	0.323401	-0.383407	-0.0765802	-0.420985	0.28948	0.232292	-0.0921342	0.111363	-0.1585	-0.199168	-0.0292626	0.307312	0.0766147	0.430239	-0.373669	-0.0486407	-0.29275	-0.337188	-0.103257
19	247	6.3137e-03	0	1.049989921619461e+03	0.880769	-0.0257948	0.324405	-0.371941	-0.0781416	-0.420972	0.291199	0.234804	-0.091666	0.100451	-0.151116	-0.186467	-0.0303043	0.305661	0.0677737	0.429447	-0.37359	-0.0466748	-0.300649	-0.3478	-0.102202
20	260	6.4768e-03	0	9.275909144885759e+02	0.872387	-0.0230379	0.323186	-0.372496	-0.0747767	-0.425078	0.289581	0.239059	-0.0842249	0.108453	-0.148193	-0.181538	-0.0345805	0.309527	0.0655963	0.431501	-0.372964	-0.0495845	-0.289278	-0.343884	-0.097415
21	273	6.5042e-03	0	9.676336396665801e+02	0.879875	-0.0262715	0.322537	-0.370586	-0.0676118	-0.415461	0.285213	0.233472	-0.084505	0.106802	-0.1571	-0.177124	-0.0378929	0.30476	0.0612741	0.436216	-0.37595	-0.047184	-0.291033	-0.341589	-0.0995727
22	286	6.4788e-03	0	1.044064316929685e+03	0.887535	-0.0187678	0.327948	-0.372979	-0.0763818	-0.41688	0.286022	0.238339	-0.0819544	0.10779	-0.148959	-0.192392	-0.0298467	0.312132	0.0693258	0.424046	-0.378136	-0.0454707	-0.296347	-0.349614	-0.11254
23	299	6.5963e-03	0	1.043341919591683e+03	0.886466	-0.0169858	0.321593	-0.360929	-0.075918	-0.429442	0.295689	0.218723	-0.0804602	0.102126	-0.155798	-0.18724	-0.0380998	0.31842	0.0703896	0.430405	-0.379435	-0.0413564	-0.299435	-0.342923	-0.105483
24	312	6.5392e-03	0	1.037800968519854e+03	0.877032	-0.0119783	0.323727	-0.382867	-0.07233	-0.431212	0.282951	0.225077	-0.075891	0.0996947	-0.144184	-0.188656	-0.0375094	0.319058	0.0719105	0.427215	-0.379579	-0.045818	-0.296715	-0.345816	-0.101072
25	325	6.5633e-03	0	1.096222664596402e+03	0.88424	-0.0224683	0.323268	-0.368239	-0.0724784	-0.416171	0.301527	0.224037	-0.0826466	0.103743	-0.142851	-0.197393	-0.0391472	0.316652	0.0764273	0.425197	-0.375184	-0.0391191	-0.303967	-0.352843	-0.101248
26	338	6.9153e-03	0	1.029024410767653e+03	0.899694	-0.0175039	0.318712	-0.375389	-0.0667682	-0.420279	0.29917	0.220334	-0.0676399	0.101213	-0.146146	-0.185351	-0.0447357	0.31503	0.070523	0.422649	-0.37679	-0.0419189	-0.306297	-0.354192	-0.0855402
27	351	7.4373e-03	0	1.057609985902290e+03	0.899246	-0.0140409	0.318177	-0.382012	-0.0892629	-0.406248	0.292716	0.206988	-0.0730406	0.093762	-0.131847	-0.193916	-0.0498363	0.333876	0.0810296	0.42168	-0.364441	-0.0498661	-0.31115	-0.343884	-0.103942
28	364	7.5565e-03	0	1.057536155390570e+03	0.893674	-0.0295312	0.323629	-0.370127	-0.0782281	-0.422509	0.289819	0.216663	-0.0867693	0.104784	-0.141605	-0.191511	-0.0393332	0.333757	0.0746069	0.421147	-0.370552	-0.0504617	-0.302275	-0.327298	-0.0990259
29	377	7.7588e-03	0	1.078311191927124e+03	0.906965	-0.0173465	0.331239	-0.368511	-0.079451	-0.408202	0.29441	0.202664	-0.0644505	0.0996173	-0.14189	-0.188144	-0.0484263	0.326094	0.0730975	0.428982	-0.369173	-0.0508389	-0.302049	-0.314579	-0.0922894
30	390	7.8599e-03	0	1.049915585795488e+03	0.899207	-0.0140682	0.320814	-0.373847	-0.0894603	-0.40352	0.283109	0.215693	-0.0683232	0.0993831	-0.129312	-0.187127	-0.0383156	0.305766	0.0751437	0.425209	-0.375577	-0.0502706	-0.304542	-0.338726	-0.0924906
31	403	7.7490e-03	0	1.011051124761220e+03	0.893426	-0.0262212	0.322065	-0.367903	-0.0745612	-0.411579	0.293031	0.20262	-0.0736752	0.110811	-0.123398	-0.181511	-0.0519178	0.327003	0.0719101	0.417443	-0.379517	-0.0506062	-0.314946	-0.344304	-0.0854474
32	416	7.7064e-03	0	1.064747267383631e+03	0.903949	-0.0137276	0.31822	-0.372566	-0.0720369	-0.409811	0.307663	0.20302	-0.0748535	0.0998285	-0.118647	-0.192582	-0.0497335	0.329386	0.0816306	0.403799	-0.370784	-0.0504064	-0.315128	-0.335347	-0.0905572
33	429	7.6623e-03	0	9.997575426257340e+02	0.89776	-0.0262491	0.314158	-0.376111	-0.0942986	-0.409553	0.302217	0.216103	-0.0715156	0.106997	-0.123034	-0.19668	-0.0517611	0.312059	0.0841765	0.412433	-0.377283	-0.0499928	-0.327479	-0.342097	-0.102748
34	442	7.4517e-03	0	1.024329855826370e+03	0.909062	-0.0106272	0.317455	-0.37145	-0.0735563	-0.399773	0.299838	0.20663	-0.082277	0.103538	-0.123431	-0.186349	-0.0329837	0.303836	0.0733337	0.412279	-0.375422	-0.0520808	-0.314061	-0.350422	-0.104551
35	455	7.4471e-03	0	1.006759381114533e+03	0.901531	-0.0159196	0.309572	-0.382018	-0.0795783	-0.400766	0.305414	0.209988	-0.0766051	0.109588	-0.126534	-0.189335	-0.0556761	0.320207	0.0804146	0.398464	-0.379622	-0.0509632	-0.302295	-0.354452	-0.11361
36	468	7.1276e-03	0	1.038208727696100e+03	0.910035	-0.0126696	0.32274	-0.37966	-0.081582	-0.416435	0.308241	0.20129	-0.0747233	0.113238	-0.116631	-0.179211	-0.0426261	0.311909	0.0728025	0.407623	-0.373051	-0.0543163	-0.310977	-0.349664	-0.0893456
37	481	7.1139e-03	0	1.041516816909015e+03	0.907403	-0.0128599	0.316745	-0.392107	-0.0844523	-0.418574	0.307105	0.209064	-0.0786945	0.126606	-0.132587	-0.180388	-0.0368305	0.305286	0.0757386	0.413495	-0.369542	-0.0551162	-0.312021	-0.325862	-0.0878806
38	494	7.0084e-03	0	1.070970335038450e+03	0.922535	-0.00356416	0.319151	-0.388761	-0.0791436	-0.397482	0.321669	0.212417	-0.0788413	0.108651	-0.135716	-0.190494	-0.0390951	0.305064	0.0772894	0.402206	-0.370546	-0.0493979	-0.319768	-0.33638	-0.0927558
39	507	7.0732e-03	0	1.050773592217024e+03	0.923504	-0.0156809	0.332238	-0.39437	-0.0903481	-0.407559	0.308833	0.213798	-0.087727	0.124808	-0.133323	-0.190631	-0.0404842	0.305924	0.0740914	0.401075	-0.376442	-0.0529397	-0.315385	-0.353039	-0.106158
40	520	7.0448e-03	0	1.011466436834462e+03	0.918537	-0.00812601	0.320224	-0.382734	-0.0824554	-0.390548	0.30756	0.214979	-0.0781384	0.124919	-0.119966	-0.198821	-0.044811	0.317039	0.0757518	0.397473	-0.381104	-0.0414155	-0.307642	-0.348527	-0.0992322
41	533	7.0197e-03	0	1.001722941704263e+03	0.925324	-0.0120593	0.317096	-0.382967	-0.0858146	-0.400734	0.29024	0.22052	-0.0810097	0.122249	-0.139244	-0.192312	-0.0410371	0.311734	0.0797786	0.399706	-0.385431	-0.0552361	-0.309834	-0.348451	-0.102572
42	546	6.9073e-03	0	1.024859115878030e+03	0.913308	-0.000752377	0.326618	-0.373749	-0.0841742	-0.40252	0.296046	0.202206	-0.0853523	0.130318	-0.135295	-0.194069	-0.0415037	0.31576	0.0716068	0.40402	-0.37615	-0.0419596	-0.313952	-0.339339	-0.106234
43	559	7.0147e-03	0	1.020215332587615e+03	0.929701	-0.0126638	0.323211	-0.378342	-0.0908844	-0.417464	0.299226	0.225555	-0.0969211	0.116743	-0.150292	-0.20092	-0.0304294	0.307812	0.0757988	0.406808	-0.381385	-0.0443234	-0.30746	-0.335423	-0.112389
44	572	6.9980e-03	0	9.561141172617436e+02	0.923657	-0.0098319	0.321013	-0.383429	-0.0862247	-0.408879	0.305685	0.221147	-0.0888948	0.111586	-0.143863	-0.190041	-0.0356467	0.312391	0.0720156	0.406046	-0.369953	-0.049949	-0.306393	-0.334688	-0.12101
45	585	6.9221e-03	0	1.089278009188362e+03	0.914949	-0.00688382	0.324765	-0.386002	-0.0868419	-0.422816	0.291562	0.205957	-0.0921337	0.117297	-0.149435	-0.191895	-0.0297905	0.309726	0.0717765	0.411161	-0.383336	-0.039711	-0.309665	-0.343191	-0.12465
46	598	6.8601e-03	0	1.012469727631488e+03	0.924278	-0.00953529	0.324059	-0.375101	-0.0796324	-0.428783	0.300003	0.220281	-0.0822413	0.107295	-0.152234	-0.192784	-0.04004	0.316407	0.0737629	0.414075	-0.37901	-0.0430087	-0.305076	-0.341399	-0.122823
47	611	6.9046e-03	0	1.007026395454507e+03	0.921596	-0.0202592	0.320662	-0.350787	-0.0915188	-0.421239	0.297933	0.219118	-0.0777205	0.121053	-0.152091	-0.18486	-0.0489228	0.308987	0.0710077	0.401698	-0.377134	-0.0463397	-0.299204	-0.34864	-0.125107
48	624	7.2489e-03	0	1.006414506371572e+03	0.918605	-0.0183915	0.321887	-0.363641	-0.0759299	-0.424071	0.294689	0.220737	-0.073701	0.116114	-0.157176	-0.194358	-0.0307926	0.317606	0.0724025	0.409094	-0.3721	-0.0420659	-0.297222	-0.3532	-0.135969
49	637	7.2666e-03	0	1.011816936537827e+03	0.9183	-0.0222149	0.3169	-0.367198	-0.0774227	-0.424557	0.285113	0.221585	-0.0736824	0.111284	-0.137249	-0.192317	-0.0328518	0.316229	0.0706258	0.407076	-0.377124	-0.0357802	-0.300058	-0.347859	-0.121236
50	650	7.1351e-03	0	1.031961000360634e+03	0.908886	-0.0254514	0.318318	-0.348009	-0.074693	-0.416635	0.292719	0.227063	-0.0751927	0.117271	-0.157119	-0.183572	-0.0290887	0.318585	0.0692291	0.405428	-0.383909	-0.0452289	-0.296106	-0.356069	-0.135235
51	663	6.8584e-03	0	9.303802187519273e+02	0.92286	-0.023792	0.317307	-0.370508	-0.0723478	-0.409223	0.294563	0.218384	-0.0693164	0.113384	-0.14275	-0.175606	-0.037051	0.324951	0.0648096	0.407498	-0.373474	-0.0527331	-0.296542	-0.340609	-0.117115
52	676	6.6375e-03	0	1.013300249033815e+03	0.917544	-0.0155881	0.317316	-0.375915	-0.0913141	-0.414234	0.29329	0.220338	-0.0749848	0.110011	-0.147186	-0.180129	-0.0327969	0.305421	0.0695854	0.405771	-0.373995	-0.0502993	-0.286768	-0.346597	-0.129071
53	689	6.5368e-03	0	9.851500718177332e+02	0.91097	-0.0115347	0.312655	-0.37699	-0.0904537	-0.403214	0.284537	0.221042	-0.0686208	0.118073	-0.153414	-0.178241	-0.0308584	0.317301	0.0657911	0.397936	-0.364706	-0.0497173	-0.289395	-0.347175	-0.114744
54	702	6.5055e-03	0	9.737918946737117e+02	0.916437	-0.0034195	0.324061	-0.381203	-0.0722848	-0.420486	0.299551	0.217276	-0.0796262	0.117206	-0.160349	-0.173111	-0.0266055	0.314608	0.0579408	0.394894	-0.369694	-0.0440441	-0.29237	-0.34035	-0.13216
55	715	6.5259e-03	0	9.326839750719422e+02	0.927622	-0.0203133	0.312589	-0.386901	-0.0822109	-0.42122	0.289448	0.222378	-0.0734772	0.12299	-0.147489	-0.180888	-0.0279585	0.324479	0.0650967	0.390084	-0.363539	-0.0472886	-0.285929	-0.343208	-0.126376
56	728	6.4167e-03	0	9.029461840117484e+02	0.910298	-0.0155661	0.311231	-0.369573	-0.0757886	-0.424776	0.297597	0.21246	-0.0799905	0.119314	-0.169992	-0.175759	-0.045137	0.315906	0.0615566	0.392648	-0.369032	-0.041542	-0.279236	-0.348351	-0.1353
57	741	6.2608e-03	0	1.009590888360128e+03	0.916562	-0.0090285	0.327274	-0.371792	-0.0766059	-0.418087	0.303058	0.221784	-0.0848988	0.107008	-0.159677	-0.17904	-0.0395347	0.319044	0.0592411	0.404068	-0.369056	-0.0421995	-0.277539	-0.346652	-0.132252
58	754	6.0662e-03	0	9.198764332081495e+02	0.912869	0.00121922	0.317159	-0.364805	-0.0732278	-0.417642	0.302198	0.213256	-0.0940273	0.115956	-0.156682	-0.173719	-0.0365262	0.324752	0.0590193	0.403095	-0.368314	-0.0444493	-0.290266	-0.34666	-0.1278
59	767	6.0623e-03	0	9.186049639695497e+02	0.911705	0.000637445	0.318511	-0.355497	-0.0726875	-0.420677	0.291576	0.217685	-0.0954483	0.112675	-0.160749	-0.173285	-0.0396275	0.32662	0.0563475	0.388397	-0.36847	-0.0400486	-0.281944	-0.353399	-0.125261
60	780	6.1289e-03	0	9.489972736587790e+02	0.900709	-0.00261231	0.32246	-0.364017	-0.0674883	-0.413768	0.286978	0.229881	-0.0892142	0.120643	-0.161738	-0.171039	-0.0262138	0.322118	0.0538198	0.393099	-0.360566	-0.0396741	-0.275398	-0.360674	-0.125442
61	793	6.0854e-03	0	9.282293057137556e+02	0.919109	-0.000779291	0.323641	-0.362139	-0.0747557	-0.419312	0.296334	0.244044	-0.0910403	0.119599	-0.163977	-0.172245	-0.037401	0.315282	0.0603139	0.398444	-0.364293	-0.0506071	-0.290496	-0.363391	-0.12995
62	806	5.8877e-03	0	9.784159360923362e+02	0.910425	-0.00155123	0.322544	-0.357384	-0.0742683	-0.405554	0.298744	0.234046	-0.0812083	0.112417	-0.159448	-0.177627	-0.0391572	0.307694	0.0592115	0.392472	-0.359308	-0.0417561	-0.27711	-0.36011	-0.133768
63	819	5.7025e-03	0	9.562882393549285e+02	0.914375	-0.00682581	0.318144	-0.371793	-0.0731696	-0.411459	0.295883	0.243522	-0.0856574	0.114757	-0.155692	-0.176376	-0.0236707	0.321843	0.0584635	0.401946	-0.362964	-0.0426234	-0.276703	-0.358528	-0.125871
64	832	5.3669e-03	0	9.474661628932648e+02	0.918322	-0.00899554	0.319583	-0.37598	-0.0772758	-0.416304	0.28963	0.244296	-0.0914796	0.114352	-0.15717	-0.177125	-0.0407664	0.323279	0.0604944	0.402811	-0.357103	-0.0425969	-0.281114	-0.355576	-0.128986
65	845	5.1774e-03	0	8.821879234848127e+02	0.913209	-0.00423358	0.321801	-0.362602	-0.0776836	-0.410733	0.291534	0.237004	-0.0941143	0.117604	-0.154135	-0.170676	-0.026664	0.322687	0.0512787	0.396593	-0.360615	-0.0428728	-0.280548	-0.360588	-0.132024
66	858	5.1954e-03	0	9.266703968711587e+02	0.913921	-0.000529841	0.316553	-0.362322	-0.0787482	-0.411558	0.299027	0.252453	-0.0956836	0.105526	-0.157242	-0.175581	-0.0259224	0.326201	0.0592802	0.39146	-0.370694	-0.0465877	-0.285786	-0.358592	-0.137063
67	871	5.1090e-03	0	9.476267861140926e+02	0.90537	-0.0137407	0.315336	-0.350712	-0.0792653	-0.411127	0.300096	0.247708	-0.0966918	0.112831	-0.155834	-0.173064	-0.0276569	0.318272	0.0584446	0.389907	-0.363702	-0.0433139	-0.287724	-0.359016	-0.123722
68	884	4.9674e-03	0	8.533020456625973e+02	0.923771	-0.00592334	0.313884	-0.364462	-0.0819821	-0.4055	0.292835	0.244054	-0.0889321	0.1079	-0.157827	-0.169121	-0.0329864	0.317496	0.0566849	0.394298	-0.367033	-0.0478421	-0.290725	-0.360586	-0.135686
69	897	4.8813e-03	0	9.471274461533975e+02	0.909822	-0.0108156	0.321648	-0.357677	-0.0787675	-0.407643	0.292077	0.24218	-0.081324	0.108004	-0.161173	-0.165784	-0.0227065	0.314632	0.0513694	0.406945	-0.360246	-0.0403695	-0.291255	-0.358242	-0.12387
70	910	4.8786e-03	0	9.002242540549980e+02	0.92127	-0.0180949	0.320625	-0.371811	-0.0862068	-0.400651	0.287908	0.248733	-0.0904697	0.111669	-0.149904	-0.172431	-0.0323305	0.319471	0.0504438	0.400778	-0.365234	-0.036086	-0.29069	-0.352627	-0.140487
71	923	4.8065e-03	0	9.173122296264341e+02	0.916519	-0.0121152	0.322679	-0.372565	-0.0880322	-0.403667	0.289193	0.241368	-0.0838036	0.10899	-0.155377	-0.176079	-0.0278665	0.325127	0.0534753	0.407992	-0.36327	-0.0407608	-0.288927	-0.349775	-0.136198
72	936	4.6965e-03	0	9.247239289672686e+02	0.921694	-0.0122752	0.322579	-0.368327	-0.0865781	-0.402101	0.296619	0.251493	-0.0848009	0.111052	-0.153911	-0.18069	-0.0228796	0.322132	0.0558929	0.391144	-0.373268	-0.03941	-0.287162	-0.355049	-0.139521
73	949	4.5367e-03	0	9.265144563086885e+02	0.924666	-0.00560121	0.318628	-0.373201	-0.0813375	-0.405091	0.28942	0.241855	-0.0863773	0.12086	-0.14768	-0.188571	-0.030903	0.324803	0.0655086	0.388418	-0.372231	-0.0417168	-0.294601	-0.361059	-0.134861
74	962	4.4888e-03	0	9.306543647814242e+02	0.918174	-0.01214	0.313488	-0.369578	-0.0825578	-0.416144	0.29565	0.230556	-0.0877877	0.11705	-0.152796	-0.18266	-0.0292106	0.325528	0.0620387	0.392991	-0.372321	-0.0386517	-0.293944	-0.359493	-0.138639
75	975	4.3121e-03	0	9.025523560795549e+02	0.926411	-0.00805187	0.316274	-0.370515	-0.0788048	-0.403598	0.301489	0.237029	-0.0873047	0.106008	-0.157339	-0.181406	-0.0303571	0.320075	0.0605521	0.391677	-0.37104	-0.0422983	-0.285977	-0.357489	-0.140042
76	988	4.0733e-03	0	9.298314481780396e+02	0.923805	-0.0150175	0.318071	-0.36494	-0.0847875	-0.409744	0.299364	0.242153	-0.083875	0.112463	-0.15391	-0.180491	-0.0266304	0.329083	0.0612406	0.387546	-0.367288	-0.0431677	-0.300306	-0.348085	-0.141003
77	1001	3.9091e-03	0	8.878136972394348e+02	0.926958	-0.0145185	0.317351	-0.366906	-0.0844195	-0.406916	0.292344	0.23803	-0.0880499	0.11413	-0.149192	-0.175218	-0.029449	0.326412	0.0562186	0.392731	-0.36878	-0.0433541	-0.290907	-0.349728	-0.137925
78	1014	3.7852e-03	0	8.844853732118561e+02	0.931791	-0.0172309	0.311997	-0.362763	-0.0814322	-0.41209	0.294622	0.231564	-0.0834135	0.110348	-0.153489	-0.178241	-0.0232463	0.327507	0.0599028	0.388083	-0.368072	-0.0444698	-0.291704	-0.350856	-0.147696
79	1027	3.7469e-03	0	8.676861039273966e+02	0.927201	-0.0178427	0.311072	-0.362661	-0.0721384	-0.408622	0.29427	0.24106	-0.0875566	0.110799	-0.147582	-0.175795	-0.0204715	0.328155	0.0575164	0.392048	-0.365686	-0.0431109	-0.291322	-0.359424	-0.138744
80	1040	3.6362e-03	0	9.060963313185713e+02	0.927753	-0.0140122	0.313225	-0.362614	-0.0824107	-0.405171	0.295537	0.245159	-0.0844235	0.113041	-0.145789	-0.174466	-0.0252641	0.321347	0.0574303	0.386549	-0.369866	-0.042851	-0.286697	-0.355737	-0.140058
81	1053	3.5279e-03	0	9.449945452989868e+02	0.930986	-0.0137598	0.319159	-0.366837	-0.0775952	-0.407046	0.289847	0.245371	-0.0855978	0.110973	-0.152534	-0.17306	-0.0220508	0.322228	0.0589549	0.390716	-0.370745	-0.0491305	-0.288822	-0.356063	-0.141305
82	1066	3.4407e-03	0	8.478938770329192e+02	0.930073	-0.012812	0.309909	-0.362025	-0.0777222	-0.40776	0.295236	0.245001	-0.0840122	0.110063	-0.147463	-0.18005	-0.0177858	0.323284	0.0589572	0.391457	-0.372585	-0.0419148	-0.287034	-0.358478	-0.143954
83	1079	3.4674e-03	0	8.578859468668577e+02	0.933385	-0.013959	0.311151	-0.367854	-0.0825224	-0.404984	0.293032	0.245913	-0.0893588	0.105107	-0.149376	-0.179134	-0.0186675	0.324498	0.0561166	0.389222	-0.372693	-0.0404622	-0.287967	-0.357172	-0.139862
84	1092	3.5201e-03	0	9.157127817170998e+02	0.926923	-0.0165885	0.314562	-0.372637	-0.0778015	-0.406654	0.293247	0.249367	-0.0875638	0.111386	-0.145719	-0.177616	-0.0139639	0.32656	0.0554013	0.3873	-0.372144	-0.0404717	-0.287603	-0.356858	-0.136573
85	1105	3.6115e-03	0	9.019186508610370e+02	0.9325	-0.0159318	0.312755	-0.362342	-0.07543	-0.400121	0.286403	0.245967	-0.0876419	0.10096	-0.137342	-0.170925	-0.0123833	0.328223	0.0541363	0.392407	-0.376236	-0.0475644	-0.281798	-0.352673	-0.133086
86	1118	3.5764e-03	0	8.698157994279674e+02	0.930093	-0.0117534	0.315727	-0.370187	-0.0824568	-0.400442	0.291634	0.247637	-0.0794009	0.105145	-0.150599	-0.176216	-0.0188072	0.322419	0.0574452	0.387446	-0.372651	-0.0459242	-0.289942	-0.355416	-0.134117
87	1131	3.4637e-03	0	8.185058588037920e+02	0.927839	-0.016682	0.309784	-0.370079	-0.0777611	-0.399504	0.288825	0.24614	-0.0833175	0.105895	-0.147711	-0.171307	-0.0175903	0.326173	0.0528043	0.386256	-0.37231	-0.045123	-0.28055	-0.356432	-0.131278
88	1144	3.4475e-03	0	9.054645492220843e+02	0.926726	-0.0216458	0.311166	-0.369137	-0.0807709	-0.397876	0.288442	0.252723	-0.0843711	0.101862	-0.147558	-0.170848	-0.0161964	0.323967	0.0549277	0.390016	-0.371099	-0.0462376	-0.284033	-0.355818	-0.137758
89	1157	3.4722e-03	0	8.500568768589069e+02	0.925021	-0.0222638	0.309644	-0.36532	-0.076292	-0.400663	0.286573	0.255138	-0.0854822	0.103962	-0.148873	-0.173091	-0.0179386	0.321563	0.0542581	0.388943	-0.370901	-0.0430547	-0.283562	-0.363255	-0.13557
90	1170	3.5144e-03	0	8.727930253559592e+02	0.927493	-0.0241757	0.313285	-0.365554	-0.0805714	-0.401239	0.287273	0.251617	-0.0884776	0.109039	-0.147619	-0.172656	-0.0202856	0.31432	0.0551078	0.383738	-0.366648	-0.0483525	-0.284707	-0.362414	-0.134865
91	1183	3.6381e-03	0	8.594593227069363e+02	0.929741	-0.0259919	0.311142	-0.36836	-0.0808517	-0.397754	0.288274	0.252799	-0.0777167	0.109637	-0.147413	-0.170811	-0.0247368	0.30884	0.0562937	0.392361	-0.374132	-0.0479539	-0.285314	-0.35872	-0.141272
92	1196	3.6731e-03	0	8.616456105325199e+02	0.932831	-0.0199964	0.312509	-0.369216	-0.0820454	-0.390676	0.287543	0.245847	-0.0804978	0.104708	-0.151099	-0.169962	-0.0151871	0.31107	0.0519168	0.388365	-0.374043	-0.0481547	-0.277176	-0.365102	-0.1297
93	1209	3.6750e-03	0	7.923133291408135e+02	0.92681	-0.0176353	0.306403	-0.369197	-0.0811509	-0.404166	0.283698	0.259108	-0.0829857	0.107526	-0.156229	-0.16571	-0.0205976	0.316397	0.0514964	0.393057	-0.374237	-0.045462	-0.278289	-0.360061	-0.136398
94	1222	3.6743e-03	0	7.973555586079333e+02	0.928625	-0.0228425	0.302697	-0.367401	-0.0785389	-0.39509	0.286851	0.256983	-0.0841113	0.102803	-0.156925	-0.165978	-0.0162431	0.3165	0.0505348	0.386896	-0.374181	-0.0446504	-0.276696	-0.363058	-0.131679
95	1235	3.7243e-03	0	8.645506391646333e+02	0.934164	-0.0231429	0.303769	-0.36863	-0.0801315	-0.400257	0.285109	0.260022	-0.0827052	0.10179	-0.158343	-0.166557	-0.0129277	0.31003	0.0515226	0.389608	-0.376935	-0.0460409	-0.27213	-0.366403	-0.135035
96	1248	3.6743e-03	0	8.052194512373804e+02	0.929555	-0.0256242	0.30607	-0.365704	-0.0702888	-0.402166	0.283616	0.257137	-0.0810702	0.0969508	-0.156093	-0.166326	-0.0213559	0.313021	0.0493928	0.393204	-0.370571	-0.0443456	-0.271019	-0.357734	-0.138969
97	1261	3.5048e-03	0	8.179932996947745e+02	0.935079	-0.0175082	0.304406	-0.375133	-0.0705254	-0.399196	0.282041	0.25673	-0.080222	0.104647	-0.149492	-0.169261	-0.0225246	0.314621	0.0546444	0.387569	-0.378446	-0.0452782	-0.278098	-0.363786	-0.138483
98	1274	3.5783e-03	0	7.991149282603596e+02	0.928172	-0.021675	0.30886	-0.367461	-0.0698036	-0.398986	0.279409	0.257435	-0.0820547	0.0974273	-0.153978	-0.164351	-0.0173592	0.311706	0.0478039	0.386866	-0.377686	-0.0451852	-0.277962	-0.369175	-0.133046
99	1287	3.7400e-03	0	8.040919968057470e+02	0.933176	-0.030678	0.311106	-0.35874	-0.0718601	-0.396029	0.276577	0.260736	-0.0840906	0.0987458	-0.158442	-0.159689	-0.0164887	0.308774	0.0410201	0.390152	-0.378361	-0.0435526	-0.267862	-0.372461	-0.136981
100	1300	3.8298e-03	0	8.104010697507407e+02	0.928728	-0.0277669	0.306034	-0.365212	-0.0672494	-0.401945	0.282145	0.260451	-0.0804164	0.103107	-0.150775	-0.163751	-0.01768	0.310672	0.0474209	0.395756	-0.37335	-0.0436453	-0.270392	-0.364108	-0.135663
101	1313	3.8670e-03	0	8.479566249202832e+02	0.926857	-0.0274641	0.304539	-0.36344	-0.0619719	-0.396212	0.282775	0.257362	-0.0802592	0.102346	-0.157047	-0.165343	-0.0212428	0.312092	0.0475093	0.397233	-0.372307	-0.0380432	-0.26714	-0.374135	-0.133788
102	1326	3.9058e-03	0	8.151247128278532e+02	0.925934	-0.026003	0.301376	-0.360878	-0.0592462	-0.397502	0.291979	0.257962	-0.0882091	0.0987177	-0.157211	-0.163731	-0.0176612	0.308636	0.048979	0.392986	-0.380203	-0.0443771	-0.26228	-0.377286	-0.142024
103	1339	4.1279e-03	0	8.059596881638852e+02	0.923431	-0.0355634	0.303052	-0.358708	-0.0707917	-0.399553	0.290169	0.257212	-0.0848443	0.0945958	-0.161738	-0.170223	-0.0258254	0.306488	0.0521737	0.396222	-0.375415	-0.0435786	-0.26383	-0.368587	-0.135276
104	1352	4.2429e-03	0	8.010442279857961e+02	0.923293	-0.0334881	0.301951	-0.355686	-0.068241	-0.396529	0.287067	0.258639	-0.0832235	0.0918896	-0.170976	-0.170175	-0.0220965	0.310966	0.0520992	0.400163	-0.373361	-0.0434475	-0.259936	-0.367523	-0.133915
105	1365	4.3715e-03	0	7.713270721662052e+02	0.927663	-0.0326532	0.301138	-0.360014	-0.0663019	-0.391007	0.292563	0.260775	-0.0881477	0.090306	-0.171311	-0.166673	-0.0153747	0.305864	0.0472354	0.399675	-0.375758	-0.0429805	-0.262521	-0.374689	-0.137768
